[38;2;0;170;170;48;2;0;0;0m████████████████████████████████████████████████████████████████████████████████[0m
[38;2;0;170;170;48;2;0;0;0m████████████████████████████████████████████████████████████████████████████████[0m
[38;2;0;170;170;48;2;0;0;0m███████████████████████████████[38;2;0;0;0m████[38;2;0;170;170m█████████████████████████████████████████████[0m
[38;2;0;170;170;48;2;0;0;0m██████████████████████████[38;2;0;0;0m██████[38;2;255;255;85m██[38;2;0;0;0m█████[38;2;0;170;170m█████████████████████████████████████████[0m
[38;2;0;170;170;48;2;0;0;0m███████████████████████[38;2;0;0;0m████[38;2;255;255;85m███████████[38;2;0;0;0m███[38;2;0;170;170m███████████████████████████████████████[0m
[38;2;0;170;170;48;2;0;0;0m█████████████████████[38;2;0;0;0m███[38;2;255;255;85m████████████████[38;2;0;0;0m██[38;2;0;170;170m██████████████████████████████████████[0m
[38;2;0;170;170;48;2;0;0;0m████████████████████[38;2;0;0;0m██[38;2;255;255;85m████████████████████[38;2;0;0;0m█[38;2;0;170;170m█████████████████████████████████████[0m
[38;2;0;170;170;48;2;0;0;0m███████████████████[38;2;0;0;0m██[38;2;255;255;85m██████████████████████[38;2;0;0;0m██[38;2;0;170;170m███████████████████████████████████[0m
[38;2;0;170;170;48;2;0;0;0m███████████████████[38;2;0;0;0m█[38;2;255;255;85m██████████[38;2;0;0;0m██[38;2;255;255;85m████████████[38;2;0;0;0m█[38;2;0;170;170m███████████████████████████████████[0m
[38;2;0;170;170;48;2;0;0;0m██████████████████[38;2;0;0;0m██[38;2;255;255;85m█████████████████████████[38;2;0;0;0m█[38;2;0;170;170m██████████████████████████████████[0m
[38;2;0;170;170;48;2;0;0;0m███████████████████[38;2;0;0;0m█[38;2;255;255;85m█████████████████████████[38;2;0;0;0m█[38;2;0;170;170m█████████[38;2;0;0;0m████████████████[38;2;0;170;170m█████████[0m
[38;2;0;170;170;48;2;0;0;0m███████████████████[38;2;0;0;0m█[38;2;255;255;85m█████████████████████████[38;2;0;0;0m█[38;2;0;170;170m███[38;2;0;0;0m██████[38;2;255;255;85m████████████████[38;2;0;0;0m██[38;2;0;170;170m███████[0m
[38;2;0;170;170;48;2;0;0;0m█████████████████[38;2;0;0;0m████████[38;2;255;255;85m███████████████████[38;2;0;0;0m█████[38;2;255;255;85m███████████████████████[38;2;0;0;0m███[38;2;0;170;170m█████[0m
[38;2;0;170;170;48;2;0;0;0m███████████████[38;2;0;0;0m███[38;2;170;85;0m███████[38;2;0;0;0m██[38;2;255;255;85m█████████████████[38;2;0;0;0m██[38;2;255;255;85m████████████████████████████[38;2;0;0;0m██[38;2;0;170;170m████[0m
[38;2;0;170;170;48;2;0;0;0m████████[38;2;0;0;0m███████[38;2;170;85;0m███████████[38;2;0;0;0m██[38;2;255;255;85m█████████████████[38;2;0;0;0m█[38;2;255;255;85m████████████[38;2;0;0;0m█████████████[38;2;255;255;85m████[38;2;0;0;0m██[38;2;0;170;170m███[0m
[38;2;0;170;170;48;2;0;0;0m███████[38;2;0;0;0m██[38;2;170;85;0m██████████████████[38;2;0;0;0m██[38;2;255;255;85m█████████████████████████[38;2;0;0;0m████[38;2;255;255;85m████████████[38;2;0;0;0m██[38;2;255;255;85m█████[38;2;0;0;0m█[38;2;0;170;170m██[0m
[38;2;0;170;170;48;2;0;0;0m███████[38;2;0;0;0m█[38;2;170;85;0m███████████████[38;2;0;0;0m█[38;2;170;85;0m██[38;2;0;0;0m███[38;2;255;255;85m██████████████████████████████████████████[38;2;0;0;0m█[38;2;255;255;85m██████[38;2;0;0;0m█[38;2;0;170;170m█[0m
[38;2;0;170;170;48;2;0;0;0m███████[38;2;0;0;0m███[38;2;170;85;0m██████████[38;2;0;0;0m███[38;2;170;85;0m█[38;2;0;0;0m█████[38;2;255;255;85m██████████████████████████████████████████[38;2;0;0;0m█[38;2;255;255;85m██████[38;2;0;0;0m██[0m
[38;2;0;170;170;48;2;0;0;0m█████████[38;2;0;0;0m███████████[38;2;170;85;0m█[38;2;0;0;0m████[38;2;0;170;170m███[38;2;0;0;0m██[38;2;255;255;85m████████████████████████████████████████[38;2;0;0;0m██[38;2;255;255;85m███████[38;2;0;0;0m█[0m
[38;2;0;170;170;48;2;0;0;0m███████████████[38;2;0;0;0m███████[38;2;0;170;170m███████[38;2;0;0;0m███[38;2;255;255;85m█████████████████████████████████[38;2;0;0;0m█████[38;2;255;255;85m█████████[38;2;0;0;0m█[0m
[38;2;0;170;170;48;2;0;0;0m████████████████████████████████[38;2;0;0;0m███[38;2;255;255;85m██████████████████████[38;2;0;0;0m█████████[38;2;255;255;85m█████████████[38;2;0;0;0m█[0m
[38;2;0;170;170;48;2;0;0;0m██████████████████████████████████[38;2;0;0;0m████[38;2;255;255;85m██████████████████[38;2;0;0;0m██[38;2;255;255;85m█████████████████████[38;2;0;0;0m█[0m
[38;2;0;170;170;48;2;0;0;0m█████████████████████████████████████[38;2;0;0;0m██[38;2;255;255;85m█████████████████████████████████████████[0m
[38;2;0;170;170;48;2;0;0;0m███████████████████████████████████████[38;2;0;0;0m██████[38;2;255;255;85m███████████████████████████████████[0m
